0
1
2
3
4
5
6
7
8
10
11
12
15
17
20
21
22
26
29
32
33
35
37
38
39
42
45
49
50
51
53
54
57
58
59
60
65
66
69
70
71
73
75
77
79
81
83
84
85
87
88
90
92
94
96
97
98
99
103
104
105
107
110
111
112
123
124
129
140
144
148
150
151
153
154
158
161
165
168
169
172
174
175
178
181
182
183
184
187
193
194
195
196
198
203
205
206
210
211
215
221
222
226
228
235
236
237
238
239
242
243
244
248
256
257
258
261
262
264
268
269
279
282
283
284
285
289
291
294
299
301
306
307
311
312
314
317
318
319
320
321
330
332
342
343
345
349
350
351
354
355
357
360
366
368
371
372
376
380
384
385
387
388
390
392
393
397
398
399
407
414
417
419
421
423
425
428
429
430
432
433
439
442
444
446
447
448
452
454
455
458
459
460
461
464
466
467
468
470
471
473
479
480
481
484
486
488
490
491
493
501
505
510
511
512
516
519
522
523
524
525
527
531
532
537
540
542
543
544
546
547
550
555
558
560
561
562
564
571
572
576
578
579
581
583
584
585
587
590
595
596
605
606
610
618
623
624
626
630
633
634
635
636
637
639
640
642
643
646
648
651
653
656
662
665
667
671
672
673
675
676
679
683
687
690
692
693
695
704
706
707
708
710
711
712
720
722
725
726
729
730
734
736
749
750
752
756
758
761
762
764
767
768
770
774
775
776
777
779
782
785
786
787
790
801
803
809
810
816
821
822
824
828
833
834
838
840
845
852
855
856
857
858
859
860
861
863
866
869
870
875
877
878
880
881
883
887
893
895
896
898
900
902
903
905
906
907
913
915
917
919
921
932
935
936
937
938
939
940
943
945
946
948
949
954
955
957
958
960
961
962
965
969
970
972
973
978
980
984
985
988
989
990
991
997
999
1001
1003
1004
1005
1007
1009
1010
1012
1016
1019
1024
1028
1034
1035
1036
1038
1040
1045
1046
1049
1050
1051
1053
1056
1058
1059
1060
1063
1064
1068
1073
1074
1081
1083
1084
1085
1087
1089
1090
1092
1093
1094
1096
1098
1099
1100
1101
1102
1103
1106
1114
1115
1116
1117
1118
1120
1121
1122
1123
1126
1127
1128
1129
1133
1135
1136
1137
1139
1147
1149
1151
1154
1156
1157
1162
1166
1167
1169
1170
1171
1172
1173
1174
1175
1177
1184
1187
1189
1191
1195
1196
1197
1198
1199
1203
1204
1206
