0
1
3
4
5
6
8
12
17
22
25
26
35
42
45
49
51
54
57
58
59
65
68
75
79
81
83
87
90
94
97
99
102
104
112
124
126
129
135
140
151
153
163
167
179
181
182
184
193
194
196
198
200
206
210
211
212
213
215
216
221
224
225
226
228
229
230
236
239
242
243
255
258
264
282
292
294
298
311
319
321
323
326
330
333
336
342
349
353
355
366
369
372
380
385
387
393
397
398
407
418
419
423
425
426
430
440
441
443
446
451
453
454
458
459
460
461
465
470
473
477
481
486
494
499
500
501
505
510
511
512
516
519
524
531
537
540
546
547
550
551
555
558
559
576
578
591
596
605
610
623
628
630
634
639
640
642
643
660
668
677
690
692
703
706
707
711
712
718
726
727
728
729
750
751
752
756
758
761
768
769
773
774
777
782
786
787
792
809
816
822
844
857
860
869
876
880
881
885
897
902
903
904
905
907
917
919
926
936
938
940
943
969
970
972
978
980
981
985
988
989
990
994
996
997
1001
1008
1009
1010
1012
1026
1027
1028
1036
1040
1042
1049
1056
1060
1064
1076
1081
1083
1087
1093
1094
1099
1102
1103
1117
1118
1120
1122
1126
1129
1130
1133
1134
1137
1150
1151
1154
1157
1167
1172
1173
1174
1184
1187
1189
1191
1207
1208
1211
